{
 "cells": [
  {
   "cell_type": "markdown",
   "id": "74ac05d7",
   "metadata": {},
   "source": [
    "### import the required packages"
   ]
  },
  {
   "cell_type": "code",
   "execution_count": 1,
   "id": "cbe4b780",
   "metadata": {},
   "outputs": [],
   "source": [
    "import numpy as np\n",
    "import pandas as pd"
   ]
  },
  {
   "cell_type": "markdown",
   "id": "4f7460e9",
   "metadata": {},
   "source": [
    "### load the data"
   ]
  },
  {
   "cell_type": "code",
   "execution_count": 2,
   "id": "0c35abce",
   "metadata": {},
   "outputs": [],
   "source": [
    "# read Data\n",
    "df = pd.read_csv('covid.csv')"
   ]
  },
  {
   "cell_type": "markdown",
   "id": "ce51b0b5",
   "metadata": {},
   "source": [
    "### EDA"
   ]
  },
  {
   "cell_type": "code",
   "execution_count": 3,
   "id": "ff296124",
   "metadata": {
    "scrolled": false
   },
   "outputs": [
    {
     "data": {
      "text/html": [
       "<div>\n",
       "<style scoped>\n",
       "    .dataframe tbody tr th:only-of-type {\n",
       "        vertical-align: middle;\n",
       "    }\n",
       "\n",
       "    .dataframe tbody tr th {\n",
       "        vertical-align: top;\n",
       "    }\n",
       "\n",
       "    .dataframe thead th {\n",
       "        text-align: right;\n",
       "    }\n",
       "</style>\n",
       "<table border=\"1\" class=\"dataframe\">\n",
       "  <thead>\n",
       "    <tr style=\"text-align: right;\">\n",
       "      <th></th>\n",
       "      <th>sex</th>\n",
       "      <th>patient_type</th>\n",
       "      <th>intubed</th>\n",
       "      <th>pneumonia</th>\n",
       "      <th>age</th>\n",
       "      <th>pregnancy</th>\n",
       "      <th>diabetes</th>\n",
       "      <th>copd</th>\n",
       "      <th>asthma</th>\n",
       "      <th>inmsupr</th>\n",
       "      <th>hypertension</th>\n",
       "      <th>other_disease</th>\n",
       "      <th>cardiovascular</th>\n",
       "      <th>obesity</th>\n",
       "      <th>renal_chronic</th>\n",
       "      <th>tobacco</th>\n",
       "      <th>contact_other_covid</th>\n",
       "      <th>covid_res</th>\n",
       "      <th>icu</th>\n",
       "    </tr>\n",
       "  </thead>\n",
       "  <tbody>\n",
       "    <tr>\n",
       "      <th>sex</th>\n",
       "      <td>1.000000</td>\n",
       "      <td>0.097025</td>\n",
       "      <td>-0.097029</td>\n",
       "      <td>-0.054758</td>\n",
       "      <td>0.036709</td>\n",
       "      <td>0.994293</td>\n",
       "      <td>0.008153</td>\n",
       "      <td>0.009339</td>\n",
       "      <td>0.010119</td>\n",
       "      <td>0.008096</td>\n",
       "      <td>0.009019</td>\n",
       "      <td>0.010155</td>\n",
       "      <td>0.008344</td>\n",
       "      <td>0.010199</td>\n",
       "      <td>0.008577</td>\n",
       "      <td>0.004980</td>\n",
       "      <td>-0.001791</td>\n",
       "      <td>-0.047575</td>\n",
       "      <td>-0.097024</td>\n",
       "    </tr>\n",
       "    <tr>\n",
       "      <th>patient_type</th>\n",
       "      <td>0.097025</td>\n",
       "      <td>1.000000</td>\n",
       "      <td>-0.999319</td>\n",
       "      <td>-0.420400</td>\n",
       "      <td>0.325059</td>\n",
       "      <td>0.095472</td>\n",
       "      <td>0.002315</td>\n",
       "      <td>0.013227</td>\n",
       "      <td>0.016670</td>\n",
       "      <td>0.016359</td>\n",
       "      <td>0.000274</td>\n",
       "      <td>0.028232</td>\n",
       "      <td>0.016446</td>\n",
       "      <td>0.014967</td>\n",
       "      <td>0.013240</td>\n",
       "      <td>0.016603</td>\n",
       "      <td>0.228929</td>\n",
       "      <td>-0.135931</td>\n",
       "      <td>-0.999314</td>\n",
       "    </tr>\n",
       "    <tr>\n",
       "      <th>intubed</th>\n",
       "      <td>-0.097029</td>\n",
       "      <td>-0.999319</td>\n",
       "      <td>1.000000</td>\n",
       "      <td>0.421256</td>\n",
       "      <td>-0.324869</td>\n",
       "      <td>-0.095481</td>\n",
       "      <td>-0.002456</td>\n",
       "      <td>-0.013363</td>\n",
       "      <td>-0.016807</td>\n",
       "      <td>-0.016424</td>\n",
       "      <td>-0.000419</td>\n",
       "      <td>-0.028389</td>\n",
       "      <td>-0.016587</td>\n",
       "      <td>-0.015101</td>\n",
       "      <td>-0.013384</td>\n",
       "      <td>-0.016738</td>\n",
       "      <td>-0.228811</td>\n",
       "      <td>0.135738</td>\n",
       "      <td>0.999989</td>\n",
       "    </tr>\n",
       "    <tr>\n",
       "      <th>pneumonia</th>\n",
       "      <td>-0.054758</td>\n",
       "      <td>-0.420400</td>\n",
       "      <td>0.421256</td>\n",
       "      <td>1.000000</td>\n",
       "      <td>-0.183492</td>\n",
       "      <td>-0.054031</td>\n",
       "      <td>-0.002875</td>\n",
       "      <td>-0.008592</td>\n",
       "      <td>-0.010370</td>\n",
       "      <td>-0.010979</td>\n",
       "      <td>-0.001568</td>\n",
       "      <td>-0.019541</td>\n",
       "      <td>-0.010392</td>\n",
       "      <td>-0.010070</td>\n",
       "      <td>-0.008296</td>\n",
       "      <td>-0.009996</td>\n",
       "      <td>-0.074756</td>\n",
       "      <td>0.093832</td>\n",
       "      <td>0.421182</td>\n",
       "    </tr>\n",
       "    <tr>\n",
       "      <th>age</th>\n",
       "      <td>0.036709</td>\n",
       "      <td>0.325059</td>\n",
       "      <td>-0.324869</td>\n",
       "      <td>-0.183492</td>\n",
       "      <td>1.000000</td>\n",
       "      <td>0.036239</td>\n",
       "      <td>0.000556</td>\n",
       "      <td>0.014440</td>\n",
       "      <td>0.018668</td>\n",
       "      <td>0.018625</td>\n",
       "      <td>-0.008617</td>\n",
       "      <td>0.018627</td>\n",
       "      <td>0.015049</td>\n",
       "      <td>0.012068</td>\n",
       "      <td>0.016643</td>\n",
       "      <td>0.017531</td>\n",
       "      <td>0.099339</td>\n",
       "      <td>-0.102643</td>\n",
       "      <td>-0.324791</td>\n",
       "    </tr>\n",
       "    <tr>\n",
       "      <th>pregnancy</th>\n",
       "      <td>0.994293</td>\n",
       "      <td>0.095472</td>\n",
       "      <td>-0.095481</td>\n",
       "      <td>-0.054031</td>\n",
       "      <td>0.036239</td>\n",
       "      <td>1.000000</td>\n",
       "      <td>0.016239</td>\n",
       "      <td>0.018035</td>\n",
       "      <td>0.018931</td>\n",
       "      <td>0.016412</td>\n",
       "      <td>0.017474</td>\n",
       "      <td>0.017392</td>\n",
       "      <td>0.016854</td>\n",
       "      <td>0.018692</td>\n",
       "      <td>0.016970</td>\n",
       "      <td>0.013060</td>\n",
       "      <td>-0.003185</td>\n",
       "      <td>-0.047589</td>\n",
       "      <td>-0.095474</td>\n",
       "    </tr>\n",
       "    <tr>\n",
       "      <th>diabetes</th>\n",
       "      <td>0.008153</td>\n",
       "      <td>0.002315</td>\n",
       "      <td>-0.002456</td>\n",
       "      <td>-0.002875</td>\n",
       "      <td>0.000556</td>\n",
       "      <td>0.016239</td>\n",
       "      <td>1.000000</td>\n",
       "      <td>0.838368</td>\n",
       "      <td>0.843817</td>\n",
       "      <td>0.794140</td>\n",
       "      <td>0.845727</td>\n",
       "      <td>0.688245</td>\n",
       "      <td>0.821716</td>\n",
       "      <td>0.765574</td>\n",
       "      <td>0.817052</td>\n",
       "      <td>0.777978</td>\n",
       "      <td>0.002895</td>\n",
       "      <td>0.005156</td>\n",
       "      <td>-0.002429</td>\n",
       "    </tr>\n",
       "    <tr>\n",
       "      <th>copd</th>\n",
       "      <td>0.009339</td>\n",
       "      <td>0.013227</td>\n",
       "      <td>-0.013363</td>\n",
       "      <td>-0.008592</td>\n",
       "      <td>0.014440</td>\n",
       "      <td>0.018035</td>\n",
       "      <td>0.838368</td>\n",
       "      <td>1.000000</td>\n",
       "      <td>0.922057</td>\n",
       "      <td>0.866870</td>\n",
       "      <td>0.872321</td>\n",
       "      <td>0.748066</td>\n",
       "      <td>0.893562</td>\n",
       "      <td>0.827598</td>\n",
       "      <td>0.889774</td>\n",
       "      <td>0.844021</td>\n",
       "      <td>0.010322</td>\n",
       "      <td>0.000882</td>\n",
       "      <td>-0.013308</td>\n",
       "    </tr>\n",
       "    <tr>\n",
       "      <th>asthma</th>\n",
       "      <td>0.010119</td>\n",
       "      <td>0.016670</td>\n",
       "      <td>-0.016807</td>\n",
       "      <td>-0.010370</td>\n",
       "      <td>0.018668</td>\n",
       "      <td>0.018931</td>\n",
       "      <td>0.843817</td>\n",
       "      <td>0.922057</td>\n",
       "      <td>1.000000</td>\n",
       "      <td>0.886307</td>\n",
       "      <td>0.883549</td>\n",
       "      <td>0.756712</td>\n",
       "      <td>0.906039</td>\n",
       "      <td>0.839128</td>\n",
       "      <td>0.901793</td>\n",
       "      <td>0.855136</td>\n",
       "      <td>0.010714</td>\n",
       "      <td>0.000276</td>\n",
       "      <td>-0.016759</td>\n",
       "    </tr>\n",
       "    <tr>\n",
       "      <th>inmsupr</th>\n",
       "      <td>0.008096</td>\n",
       "      <td>0.016359</td>\n",
       "      <td>-0.016424</td>\n",
       "      <td>-0.010979</td>\n",
       "      <td>0.018625</td>\n",
       "      <td>0.016412</td>\n",
       "      <td>0.794140</td>\n",
       "      <td>0.866870</td>\n",
       "      <td>0.886307</td>\n",
       "      <td>1.000000</td>\n",
       "      <td>0.844534</td>\n",
       "      <td>0.800965</td>\n",
       "      <td>0.872862</td>\n",
       "      <td>0.804051</td>\n",
       "      <td>0.866491</td>\n",
       "      <td>0.821285</td>\n",
       "      <td>0.010554</td>\n",
       "      <td>-0.000914</td>\n",
       "      <td>-0.016299</td>\n",
       "    </tr>\n",
       "    <tr>\n",
       "      <th>hypertension</th>\n",
       "      <td>0.009019</td>\n",
       "      <td>0.000274</td>\n",
       "      <td>-0.000419</td>\n",
       "      <td>-0.001568</td>\n",
       "      <td>-0.008617</td>\n",
       "      <td>0.017474</td>\n",
       "      <td>0.845727</td>\n",
       "      <td>0.872321</td>\n",
       "      <td>0.883549</td>\n",
       "      <td>0.844534</td>\n",
       "      <td>1.000000</td>\n",
       "      <td>0.733541</td>\n",
       "      <td>0.878630</td>\n",
       "      <td>0.821326</td>\n",
       "      <td>0.871760</td>\n",
       "      <td>0.826144</td>\n",
       "      <td>0.002588</td>\n",
       "      <td>0.005350</td>\n",
       "      <td>-0.000369</td>\n",
       "    </tr>\n",
       "    <tr>\n",
       "      <th>other_disease</th>\n",
       "      <td>0.010155</td>\n",
       "      <td>0.028232</td>\n",
       "      <td>-0.028389</td>\n",
       "      <td>-0.019541</td>\n",
       "      <td>0.018627</td>\n",
       "      <td>0.017392</td>\n",
       "      <td>0.688245</td>\n",
       "      <td>0.748066</td>\n",
       "      <td>0.756712</td>\n",
       "      <td>0.800965</td>\n",
       "      <td>0.733541</td>\n",
       "      <td>1.000000</td>\n",
       "      <td>0.777377</td>\n",
       "      <td>0.707074</td>\n",
       "      <td>0.760760</td>\n",
       "      <td>0.723424</td>\n",
       "      <td>0.002503</td>\n",
       "      <td>-0.001526</td>\n",
       "      <td>-0.028260</td>\n",
       "    </tr>\n",
       "    <tr>\n",
       "      <th>cardiovascular</th>\n",
       "      <td>0.008344</td>\n",
       "      <td>0.016446</td>\n",
       "      <td>-0.016587</td>\n",
       "      <td>-0.010392</td>\n",
       "      <td>0.015049</td>\n",
       "      <td>0.016854</td>\n",
       "      <td>0.821716</td>\n",
       "      <td>0.893562</td>\n",
       "      <td>0.906039</td>\n",
       "      <td>0.872862</td>\n",
       "      <td>0.878630</td>\n",
       "      <td>0.777377</td>\n",
       "      <td>1.000000</td>\n",
       "      <td>0.844964</td>\n",
       "      <td>0.916545</td>\n",
       "      <td>0.863272</td>\n",
       "      <td>0.011388</td>\n",
       "      <td>-0.000618</td>\n",
       "      <td>-0.016527</td>\n",
       "    </tr>\n",
       "    <tr>\n",
       "      <th>obesity</th>\n",
       "      <td>0.010199</td>\n",
       "      <td>0.014967</td>\n",
       "      <td>-0.015101</td>\n",
       "      <td>-0.010070</td>\n",
       "      <td>0.012068</td>\n",
       "      <td>0.018692</td>\n",
       "      <td>0.765574</td>\n",
       "      <td>0.827598</td>\n",
       "      <td>0.839128</td>\n",
       "      <td>0.804051</td>\n",
       "      <td>0.821326</td>\n",
       "      <td>0.707074</td>\n",
       "      <td>0.844964</td>\n",
       "      <td>1.000000</td>\n",
       "      <td>0.850989</td>\n",
       "      <td>0.813580</td>\n",
       "      <td>0.011813</td>\n",
       "      <td>0.002820</td>\n",
       "      <td>-0.015058</td>\n",
       "    </tr>\n",
       "    <tr>\n",
       "      <th>renal_chronic</th>\n",
       "      <td>0.008577</td>\n",
       "      <td>0.013240</td>\n",
       "      <td>-0.013384</td>\n",
       "      <td>-0.008296</td>\n",
       "      <td>0.016643</td>\n",
       "      <td>0.016970</td>\n",
       "      <td>0.817052</td>\n",
       "      <td>0.889774</td>\n",
       "      <td>0.901793</td>\n",
       "      <td>0.866491</td>\n",
       "      <td>0.871760</td>\n",
       "      <td>0.760760</td>\n",
       "      <td>0.916545</td>\n",
       "      <td>0.850989</td>\n",
       "      <td>1.000000</td>\n",
       "      <td>0.868382</td>\n",
       "      <td>0.010239</td>\n",
       "      <td>0.000549</td>\n",
       "      <td>-0.013332</td>\n",
       "    </tr>\n",
       "    <tr>\n",
       "      <th>tobacco</th>\n",
       "      <td>0.004980</td>\n",
       "      <td>0.016603</td>\n",
       "      <td>-0.016738</td>\n",
       "      <td>-0.009996</td>\n",
       "      <td>0.017531</td>\n",
       "      <td>0.013060</td>\n",
       "      <td>0.777978</td>\n",
       "      <td>0.844021</td>\n",
       "      <td>0.855136</td>\n",
       "      <td>0.821285</td>\n",
       "      <td>0.826144</td>\n",
       "      <td>0.723424</td>\n",
       "      <td>0.863272</td>\n",
       "      <td>0.813580</td>\n",
       "      <td>0.868382</td>\n",
       "      <td>1.000000</td>\n",
       "      <td>0.011117</td>\n",
       "      <td>-0.001005</td>\n",
       "      <td>-0.016686</td>\n",
       "    </tr>\n",
       "    <tr>\n",
       "      <th>contact_other_covid</th>\n",
       "      <td>-0.001791</td>\n",
       "      <td>0.228929</td>\n",
       "      <td>-0.228811</td>\n",
       "      <td>-0.074756</td>\n",
       "      <td>0.099339</td>\n",
       "      <td>-0.003185</td>\n",
       "      <td>0.002895</td>\n",
       "      <td>0.010322</td>\n",
       "      <td>0.010714</td>\n",
       "      <td>0.010554</td>\n",
       "      <td>0.002588</td>\n",
       "      <td>0.002503</td>\n",
       "      <td>0.011388</td>\n",
       "      <td>0.011813</td>\n",
       "      <td>0.010239</td>\n",
       "      <td>0.011117</td>\n",
       "      <td>1.000000</td>\n",
       "      <td>-0.070829</td>\n",
       "      <td>-0.228823</td>\n",
       "    </tr>\n",
       "    <tr>\n",
       "      <th>covid_res</th>\n",
       "      <td>-0.047575</td>\n",
       "      <td>-0.135931</td>\n",
       "      <td>0.135738</td>\n",
       "      <td>0.093832</td>\n",
       "      <td>-0.102643</td>\n",
       "      <td>-0.047589</td>\n",
       "      <td>0.005156</td>\n",
       "      <td>0.000882</td>\n",
       "      <td>0.000276</td>\n",
       "      <td>-0.000914</td>\n",
       "      <td>0.005350</td>\n",
       "      <td>-0.001526</td>\n",
       "      <td>-0.000618</td>\n",
       "      <td>0.002820</td>\n",
       "      <td>0.000549</td>\n",
       "      <td>-0.001005</td>\n",
       "      <td>-0.070829</td>\n",
       "      <td>1.000000</td>\n",
       "      <td>0.135663</td>\n",
       "    </tr>\n",
       "    <tr>\n",
       "      <th>icu</th>\n",
       "      <td>-0.097024</td>\n",
       "      <td>-0.999314</td>\n",
       "      <td>0.999989</td>\n",
       "      <td>0.421182</td>\n",
       "      <td>-0.324791</td>\n",
       "      <td>-0.095474</td>\n",
       "      <td>-0.002429</td>\n",
       "      <td>-0.013308</td>\n",
       "      <td>-0.016759</td>\n",
       "      <td>-0.016299</td>\n",
       "      <td>-0.000369</td>\n",
       "      <td>-0.028260</td>\n",
       "      <td>-0.016527</td>\n",
       "      <td>-0.015058</td>\n",
       "      <td>-0.013332</td>\n",
       "      <td>-0.016686</td>\n",
       "      <td>-0.228823</td>\n",
       "      <td>0.135663</td>\n",
       "      <td>1.000000</td>\n",
       "    </tr>\n",
       "  </tbody>\n",
       "</table>\n",
       "</div>"
      ],
      "text/plain": [
       "                          sex  patient_type   intubed  pneumonia       age  \\\n",
       "sex                  1.000000      0.097025 -0.097029  -0.054758  0.036709   \n",
       "patient_type         0.097025      1.000000 -0.999319  -0.420400  0.325059   \n",
       "intubed             -0.097029     -0.999319  1.000000   0.421256 -0.324869   \n",
       "pneumonia           -0.054758     -0.420400  0.421256   1.000000 -0.183492   \n",
       "age                  0.036709      0.325059 -0.324869  -0.183492  1.000000   \n",
       "pregnancy            0.994293      0.095472 -0.095481  -0.054031  0.036239   \n",
       "diabetes             0.008153      0.002315 -0.002456  -0.002875  0.000556   \n",
       "copd                 0.009339      0.013227 -0.013363  -0.008592  0.014440   \n",
       "asthma               0.010119      0.016670 -0.016807  -0.010370  0.018668   \n",
       "inmsupr              0.008096      0.016359 -0.016424  -0.010979  0.018625   \n",
       "hypertension         0.009019      0.000274 -0.000419  -0.001568 -0.008617   \n",
       "other_disease        0.010155      0.028232 -0.028389  -0.019541  0.018627   \n",
       "cardiovascular       0.008344      0.016446 -0.016587  -0.010392  0.015049   \n",
       "obesity              0.010199      0.014967 -0.015101  -0.010070  0.012068   \n",
       "renal_chronic        0.008577      0.013240 -0.013384  -0.008296  0.016643   \n",
       "tobacco              0.004980      0.016603 -0.016738  -0.009996  0.017531   \n",
       "contact_other_covid -0.001791      0.228929 -0.228811  -0.074756  0.099339   \n",
       "covid_res           -0.047575     -0.135931  0.135738   0.093832 -0.102643   \n",
       "icu                 -0.097024     -0.999314  0.999989   0.421182 -0.324791   \n",
       "\n",
       "                     pregnancy  diabetes      copd    asthma   inmsupr  \\\n",
       "sex                   0.994293  0.008153  0.009339  0.010119  0.008096   \n",
       "patient_type          0.095472  0.002315  0.013227  0.016670  0.016359   \n",
       "intubed              -0.095481 -0.002456 -0.013363 -0.016807 -0.016424   \n",
       "pneumonia            -0.054031 -0.002875 -0.008592 -0.010370 -0.010979   \n",
       "age                   0.036239  0.000556  0.014440  0.018668  0.018625   \n",
       "pregnancy             1.000000  0.016239  0.018035  0.018931  0.016412   \n",
       "diabetes              0.016239  1.000000  0.838368  0.843817  0.794140   \n",
       "copd                  0.018035  0.838368  1.000000  0.922057  0.866870   \n",
       "asthma                0.018931  0.843817  0.922057  1.000000  0.886307   \n",
       "inmsupr               0.016412  0.794140  0.866870  0.886307  1.000000   \n",
       "hypertension          0.017474  0.845727  0.872321  0.883549  0.844534   \n",
       "other_disease         0.017392  0.688245  0.748066  0.756712  0.800965   \n",
       "cardiovascular        0.016854  0.821716  0.893562  0.906039  0.872862   \n",
       "obesity               0.018692  0.765574  0.827598  0.839128  0.804051   \n",
       "renal_chronic         0.016970  0.817052  0.889774  0.901793  0.866491   \n",
       "tobacco               0.013060  0.777978  0.844021  0.855136  0.821285   \n",
       "contact_other_covid  -0.003185  0.002895  0.010322  0.010714  0.010554   \n",
       "covid_res            -0.047589  0.005156  0.000882  0.000276 -0.000914   \n",
       "icu                  -0.095474 -0.002429 -0.013308 -0.016759 -0.016299   \n",
       "\n",
       "                     hypertension  other_disease  cardiovascular   obesity  \\\n",
       "sex                      0.009019       0.010155        0.008344  0.010199   \n",
       "patient_type             0.000274       0.028232        0.016446  0.014967   \n",
       "intubed                 -0.000419      -0.028389       -0.016587 -0.015101   \n",
       "pneumonia               -0.001568      -0.019541       -0.010392 -0.010070   \n",
       "age                     -0.008617       0.018627        0.015049  0.012068   \n",
       "pregnancy                0.017474       0.017392        0.016854  0.018692   \n",
       "diabetes                 0.845727       0.688245        0.821716  0.765574   \n",
       "copd                     0.872321       0.748066        0.893562  0.827598   \n",
       "asthma                   0.883549       0.756712        0.906039  0.839128   \n",
       "inmsupr                  0.844534       0.800965        0.872862  0.804051   \n",
       "hypertension             1.000000       0.733541        0.878630  0.821326   \n",
       "other_disease            0.733541       1.000000        0.777377  0.707074   \n",
       "cardiovascular           0.878630       0.777377        1.000000  0.844964   \n",
       "obesity                  0.821326       0.707074        0.844964  1.000000   \n",
       "renal_chronic            0.871760       0.760760        0.916545  0.850989   \n",
       "tobacco                  0.826144       0.723424        0.863272  0.813580   \n",
       "contact_other_covid      0.002588       0.002503        0.011388  0.011813   \n",
       "covid_res                0.005350      -0.001526       -0.000618  0.002820   \n",
       "icu                     -0.000369      -0.028260       -0.016527 -0.015058   \n",
       "\n",
       "                     renal_chronic   tobacco  contact_other_covid  covid_res  \\\n",
       "sex                       0.008577  0.004980            -0.001791  -0.047575   \n",
       "patient_type              0.013240  0.016603             0.228929  -0.135931   \n",
       "intubed                  -0.013384 -0.016738            -0.228811   0.135738   \n",
       "pneumonia                -0.008296 -0.009996            -0.074756   0.093832   \n",
       "age                       0.016643  0.017531             0.099339  -0.102643   \n",
       "pregnancy                 0.016970  0.013060            -0.003185  -0.047589   \n",
       "diabetes                  0.817052  0.777978             0.002895   0.005156   \n",
       "copd                      0.889774  0.844021             0.010322   0.000882   \n",
       "asthma                    0.901793  0.855136             0.010714   0.000276   \n",
       "inmsupr                   0.866491  0.821285             0.010554  -0.000914   \n",
       "hypertension              0.871760  0.826144             0.002588   0.005350   \n",
       "other_disease             0.760760  0.723424             0.002503  -0.001526   \n",
       "cardiovascular            0.916545  0.863272             0.011388  -0.000618   \n",
       "obesity                   0.850989  0.813580             0.011813   0.002820   \n",
       "renal_chronic             1.000000  0.868382             0.010239   0.000549   \n",
       "tobacco                   0.868382  1.000000             0.011117  -0.001005   \n",
       "contact_other_covid       0.010239  0.011117             1.000000  -0.070829   \n",
       "covid_res                 0.000549 -0.001005            -0.070829   1.000000   \n",
       "icu                      -0.013332 -0.016686            -0.228823   0.135663   \n",
       "\n",
       "                          icu  \n",
       "sex                 -0.097024  \n",
       "patient_type        -0.999314  \n",
       "intubed              0.999989  \n",
       "pneumonia            0.421182  \n",
       "age                 -0.324791  \n",
       "pregnancy           -0.095474  \n",
       "diabetes            -0.002429  \n",
       "copd                -0.013308  \n",
       "asthma              -0.016759  \n",
       "inmsupr             -0.016299  \n",
       "hypertension        -0.000369  \n",
       "other_disease       -0.028260  \n",
       "cardiovascular      -0.016527  \n",
       "obesity             -0.015058  \n",
       "renal_chronic       -0.013332  \n",
       "tobacco             -0.016686  \n",
       "contact_other_covid -0.228823  \n",
       "covid_res            0.135663  \n",
       "icu                  1.000000  "
      ]
     },
     "execution_count": 3,
     "metadata": {},
     "output_type": "execute_result"
    }
   ],
   "source": [
    "df.corr()"
   ]
  },
  {
   "cell_type": "code",
   "execution_count": 4,
   "id": "b57a7763",
   "metadata": {},
   "outputs": [],
   "source": [
    " # removing rows with 'covid_res' = 3\n",
    "df = df.loc[df[\"covid_res\"] != 3 ]"
   ]
  },
  {
   "cell_type": "code",
   "execution_count": 5,
   "id": "e3675f97",
   "metadata": {},
   "outputs": [
    {
     "data": {
      "text/plain": [
       "(499692, 15)"
      ]
     },
     "execution_count": 5,
     "metadata": {},
     "output_type": "execute_result"
    }
   ],
   "source": [
    "# drop some colums we donot need like dates and id\n",
    "df.drop(columns={'entry_date','date_died','date_symptoms', 'inmsupr' ,'id', 'patient_type', 'pregnancy', 'other_disease'},axis=1,inplace=True)\n",
    "df.shape"
   ]
  },
  {
   "cell_type": "code",
   "execution_count": 6,
   "id": "7858c7b0",
   "metadata": {
    "scrolled": true
   },
   "outputs": [
    {
     "data": {
      "text/plain": [
       "sex                    0\n",
       "intubed                0\n",
       "pneumonia              0\n",
       "age                    0\n",
       "diabetes               0\n",
       "copd                   0\n",
       "asthma                 0\n",
       "hypertension           0\n",
       "cardiovascular         0\n",
       "obesity                0\n",
       "renal_chronic          0\n",
       "tobacco                0\n",
       "contact_other_covid    0\n",
       "covid_res              0\n",
       "icu                    0\n",
       "dtype: int64"
      ]
     },
     "execution_count": 6,
     "metadata": {},
     "output_type": "execute_result"
    }
   ],
   "source": [
    "# CHECK  NULL Values\n",
    "df.isnull().sum()"
   ]
  },
  {
   "cell_type": "code",
   "execution_count": 7,
   "id": "8983dc13",
   "metadata": {},
   "outputs": [
    {
     "data": {
      "text/html": [
       "<div>\n",
       "<style scoped>\n",
       "    .dataframe tbody tr th:only-of-type {\n",
       "        vertical-align: middle;\n",
       "    }\n",
       "\n",
       "    .dataframe tbody tr th {\n",
       "        vertical-align: top;\n",
       "    }\n",
       "\n",
       "    .dataframe thead th {\n",
       "        text-align: right;\n",
       "    }\n",
       "</style>\n",
       "<table border=\"1\" class=\"dataframe\">\n",
       "  <thead>\n",
       "    <tr style=\"text-align: right;\">\n",
       "      <th></th>\n",
       "      <th>covid_res</th>\n",
       "    </tr>\n",
       "  </thead>\n",
       "  <tbody>\n",
       "    <tr>\n",
       "      <th>0</th>\n",
       "      <td>279035</td>\n",
       "    </tr>\n",
       "    <tr>\n",
       "      <th>1</th>\n",
       "      <td>220657</td>\n",
       "    </tr>\n",
       "  </tbody>\n",
       "</table>\n",
       "</div>"
      ],
      "text/plain": [
       "   covid_res\n",
       "0     279035\n",
       "1     220657"
      ]
     },
     "execution_count": 7,
     "metadata": {},
     "output_type": "execute_result"
    }
   ],
   "source": [
    "df['covid_res'].replace([1,2,3],[1,0,2],inplace=True)\n",
    "df['covid_res'].value_counts().to_frame()"
   ]
  },
  {
   "cell_type": "markdown",
   "id": "4670cb3d",
   "metadata": {},
   "source": [
    "### decide the dependent and independent variables"
   ]
  },
  {
   "cell_type": "code",
   "execution_count": 8,
   "id": "8b86772a",
   "metadata": {},
   "outputs": [],
   "source": [
    "x = df[['sex','intubed','pneumonia','age','diabetes','copd','asthma','hypertension','cardiovascular', 'obesity', 'renal_chronic','tobacco', 'contact_other_covid', 'icu']]\n",
    "y = df['covid_res']\n"
   ]
  },
  {
   "cell_type": "markdown",
   "id": "82503d60",
   "metadata": {},
   "source": [
    "### split the data into train and test"
   ]
  },
  {
   "cell_type": "code",
   "execution_count": 9,
   "id": "989f3a92",
   "metadata": {},
   "outputs": [],
   "source": [
    "from sklearn.model_selection import train_test_split\n",
    "\n",
    "x_train, x_test, y_train, y_test = train_test_split(x, y, train_size=0.8, random_state=253691, shuffle=True)"
   ]
  },
  {
   "cell_type": "code",
   "execution_count": null,
   "id": "e23d8bc3",
   "metadata": {},
   "outputs": [],
   "source": []
  },
  {
   "cell_type": "markdown",
   "id": "8bd829b6",
   "metadata": {},
   "source": [
    "## create and train the decision model"
   ]
  },
  {
   "cell_type": "code",
   "execution_count": 10,
   "id": "dd05ae08",
   "metadata": {},
   "outputs": [],
   "source": [
    "def create_dt_model():\n",
    "    from sklearn.tree import DecisionTreeClassifier\n",
    "\n",
    "    # create the model\n",
    "    model = DecisionTreeClassifier()\n",
    "\n",
    "    # train the model\n",
    "    model.fit(x_train, y_train)\n",
    "    \n",
    "    return model"
   ]
  },
  {
   "cell_type": "markdown",
   "id": "66195ecc",
   "metadata": {},
   "source": [
    "## create random forest"
   ]
  },
  {
   "cell_type": "code",
   "execution_count": 11,
   "id": "4abd24c9",
   "metadata": {},
   "outputs": [],
   "source": [
    "def create_rf_model():\n",
    "    from sklearn.ensemble import RandomForestClassifier\n",
    "\n",
    "    # create the model\n",
    "    model =  RandomForestClassifier(n_estimators=50)\n",
    "\n",
    "    # train the model\n",
    "    model.fit(x_train, y_train)\n",
    "    \n",
    "    return model"
   ]
  },
  {
   "cell_type": "markdown",
   "id": "b0452761",
   "metadata": {},
   "source": [
    "## create and train the XGBoost model "
   ]
  },
  {
   "cell_type": "code",
   "execution_count": 12,
   "id": "1da1d028",
   "metadata": {},
   "outputs": [],
   "source": [
    "def create_xgboost_model():\n",
    "    from xgboost import XGBClassifier\n",
    "\n",
    "    # create the model\n",
    "    # use 200 Decison Tree models\n",
    "    model = XGBClassifier()\n",
    "\n",
    "    # train the model\n",
    "    model.fit(x_train, y_train)\n",
    "    \n",
    "    return model"
   ]
  },
  {
   "cell_type": "markdown",
   "id": "96fe9c45",
   "metadata": {},
   "source": [
    "## create and train KNN model"
   ]
  },
  {
   "cell_type": "code",
   "execution_count": 13,
   "id": "1bf2ba27",
   "metadata": {},
   "outputs": [],
   "source": [
    "def create_knn_model():\n",
    "    from sklearn.neighbors import KNeighborsClassifier\n",
    "\n",
    "    # create the model\n",
    "    model = KNeighborsClassifier(n_neighbors=2)\n",
    "    \n",
    "    # train the model\n",
    "    model.fit(x_train, y_train)\n",
    "    \n",
    "    return model"
   ]
  },
  {
   "cell_type": "markdown",
   "id": "ab73ddd2",
   "metadata": {},
   "source": [
    "## create and train Logistic Regression Model"
   ]
  },
  {
   "cell_type": "code",
   "execution_count": 14,
   "id": "1d9d07dd",
   "metadata": {},
   "outputs": [],
   "source": [
    "def create_lg_model():\n",
    "    from sklearn.linear_model import LogisticRegression\n",
    "    \n",
    "    # crate the model\n",
    "    model = LogisticRegression(max_iter=1000)\n",
    "    \n",
    "    # train the model\n",
    "    model.fit(x_train, y_train)\n",
    "    \n",
    "    return model"
   ]
  },
  {
   "cell_type": "markdown",
   "id": "9c849204",
   "metadata": {},
   "source": [
    "## create and train the AdaBoost model"
   ]
  },
  {
   "cell_type": "code",
   "execution_count": 15,
   "id": "a0ba3313",
   "metadata": {},
   "outputs": [],
   "source": [
    "def create_adaboost_model():\n",
    "    from sklearn.ensemble import AdaBoostClassifier\n",
    "\n",
    "    # create the model\n",
    "    # use 200 Decison Tree models\n",
    "    model = AdaBoostClassifier()\n",
    "\n",
    "    # train the model\n",
    "    model.fit(x_train, y_train)\n",
    "    \n",
    "    return model"
   ]
  },
  {
   "cell_type": "markdown",
   "id": "a4f37787",
   "metadata": {},
   "source": [
    "## create and train GradientBoost model"
   ]
  },
  {
   "cell_type": "code",
   "execution_count": 16,
   "id": "c552c0fb",
   "metadata": {},
   "outputs": [],
   "source": [
    "def create_gradientboost_model():\n",
    "    from sklearn.ensemble import GradientBoostingClassifier\n",
    "\n",
    "    # create the model\n",
    "    # use 200 Decison Tree models\n",
    "    model = GradientBoostingClassifier()\n",
    "\n",
    "    # train the model\n",
    "    model.fit(x_train, y_train)\n",
    "    \n",
    "    return model"
   ]
  },
  {
   "cell_type": "markdown",
   "id": "18d2f920",
   "metadata": {},
   "source": [
    "### evaluate the model"
   ]
  },
  {
   "cell_type": "code",
   "execution_count": 17,
   "id": "0807458a",
   "metadata": {},
   "outputs": [],
   "source": [
    "from sklearn.metrics import confusion_matrix, accuracy_score, precision_score, recall_score, f1_score, classification_report\n",
    "\n",
    "def evaluate_model(name, model):\n",
    "    y_predictions = model.predict(x_test)\n",
    "    \n",
    "    print(f\"-- {name} model evaluation --\")\n",
    "    print(confusion_matrix(y_test, y_predictions))\n",
    "    print(f\"accuracy = {accuracy_score(y_test, y_predictions)}\")\n",
    "    print(f\"precision = {precision_score(y_test, y_predictions)}\")\n",
    "    print(f\"recall = {recall_score(y_test, y_predictions)}\")\n",
    "    print(f\"f1 = {f1_score(y_test, y_predictions)}\")\n",
    "    print(classification_report(y_test, y_predictions))"
   ]
  },
  {
   "cell_type": "code",
   "execution_count": null,
   "id": "e0c0fd78",
   "metadata": {},
   "outputs": [],
   "source": []
  },
  {
   "cell_type": "code",
   "execution_count": 18,
   "id": "eeb45a9d",
   "metadata": {
    "scrolled": true
   },
   "outputs": [
    {
     "name": "stdout",
     "output_type": "stream",
     "text": [
      "-- Decision Tree model evaluation --\n",
      "[[46364  9289]\n",
      " [28436 15850]]\n",
      "accuracy = 0.6225197370395942\n",
      "precision = 0.630494450853256\n",
      "recall = 0.3579009167682789\n",
      "f1 = 0.4566078501980554\n",
      "              precision    recall  f1-score   support\n",
      "\n",
      "           0       0.62      0.83      0.71     55653\n",
      "           1       0.63      0.36      0.46     44286\n",
      "\n",
      "    accuracy                           0.62     99939\n",
      "   macro avg       0.63      0.60      0.58     99939\n",
      "weighted avg       0.62      0.62      0.60     99939\n",
      "\n"
     ]
    }
   ],
   "source": [
    "model_dt = create_dt_model()\n",
    "evaluate_model('Decision Tree', model_dt)"
   ]
  },
  {
   "cell_type": "code",
   "execution_count": 19,
   "id": "78ab58ad",
   "metadata": {},
   "outputs": [
    {
     "name": "stdout",
     "output_type": "stream",
     "text": [
      "-- Random Forest model evaluation --\n",
      "[[45708  9945]\n",
      " [27503 16783]]\n",
      "accuracy = 0.6252914277709403\n",
      "precision = 0.6279182879377432\n",
      "recall = 0.37896852278372395\n",
      "f1 = 0.4726673613653646\n",
      "              precision    recall  f1-score   support\n",
      "\n",
      "           0       0.62      0.82      0.71     55653\n",
      "           1       0.63      0.38      0.47     44286\n",
      "\n",
      "    accuracy                           0.63     99939\n",
      "   macro avg       0.63      0.60      0.59     99939\n",
      "weighted avg       0.63      0.63      0.60     99939\n",
      "\n"
     ]
    }
   ],
   "source": [
    "model_rf = create_rf_model()\n",
    "evaluate_model('Random Forest', model_rf)"
   ]
  },
  {
   "cell_type": "code",
   "execution_count": 20,
   "id": "d58da4be",
   "metadata": {},
   "outputs": [
    {
     "name": "stdout",
     "output_type": "stream",
     "text": [
      "-- XGBoost model evaluation --\n",
      "[[46456  9197]\n",
      " [26664 17622]]\n",
      "accuracy = 0.6411711143797717\n",
      "precision = 0.6570714791752116\n",
      "recall = 0.3979135618479881\n",
      "f1 = 0.49566134589691296\n",
      "              precision    recall  f1-score   support\n",
      "\n",
      "           0       0.64      0.83      0.72     55653\n",
      "           1       0.66      0.40      0.50     44286\n",
      "\n",
      "    accuracy                           0.64     99939\n",
      "   macro avg       0.65      0.62      0.61     99939\n",
      "weighted avg       0.64      0.64      0.62     99939\n",
      "\n"
     ]
    }
   ],
   "source": [
    "model_xgb = create_xgboost_model()\n",
    "evaluate_model('XGBoost', model_xgb)"
   ]
  },
  {
   "cell_type": "code",
   "execution_count": 21,
   "id": "06bdbf62",
   "metadata": {},
   "outputs": [
    {
     "name": "stdout",
     "output_type": "stream",
     "text": [
      "-- KNN model evaluation --\n",
      "[[45084 10569]\n",
      " [31950 12336]]\n",
      "accuracy = 0.574550475790232\n",
      "precision = 0.5385723641126392\n",
      "recall = 0.27855304159328004\n",
      "f1 = 0.3671920346474975\n",
      "              precision    recall  f1-score   support\n",
      "\n",
      "           0       0.59      0.81      0.68     55653\n",
      "           1       0.54      0.28      0.37     44286\n",
      "\n",
      "    accuracy                           0.57     99939\n",
      "   macro avg       0.56      0.54      0.52     99939\n",
      "weighted avg       0.56      0.57      0.54     99939\n",
      "\n"
     ]
    }
   ],
   "source": [
    "model_knn = create_knn_model()\n",
    "evaluate_model('KNN', model_knn)"
   ]
  },
  {
   "cell_type": "code",
   "execution_count": 22,
   "id": "a7a7cd6b",
   "metadata": {},
   "outputs": [
    {
     "name": "stdout",
     "output_type": "stream",
     "text": [
      "-- Logistic Regression model evaluation --\n",
      "[[47431  8222]\n",
      " [28677 15609]]\n",
      "accuracy = 0.6307847787150161\n",
      "precision = 0.6549872015442071\n",
      "recall = 0.3524590163934426\n",
      "f1 = 0.4582996902388537\n",
      "              precision    recall  f1-score   support\n",
      "\n",
      "           0       0.62      0.85      0.72     55653\n",
      "           1       0.65      0.35      0.46     44286\n",
      "\n",
      "    accuracy                           0.63     99939\n",
      "   macro avg       0.64      0.60      0.59     99939\n",
      "weighted avg       0.64      0.63      0.60     99939\n",
      "\n"
     ]
    }
   ],
   "source": [
    "model_lg = create_lg_model()\n",
    "evaluate_model('Logistic Regression', model_lg)"
   ]
  },
  {
   "cell_type": "code",
   "execution_count": 23,
   "id": "1e0d4d53",
   "metadata": {},
   "outputs": [
    {
     "name": "stdout",
     "output_type": "stream",
